197
5287 20
25182 28737 85930 45300 80276 27536 3206 10141 84768 69034 3028 70320 7137 74984 74627 8987 25386 61540 6389 78017 
1364 20
46785 61473 9703 53457 22118 67215 6637 5480 50191 16602 35016 83629 13278 36175 7442 78179 43337 18075 95115 31631 
5621 19
52140 32620 19098 7845 60026 4633 27127 12746 14822 59919 91081 45934 80098 78307 56717 34928 3209 28194 94534 
3340 18
89643 82696 96673 54815 23964 77225 8177 76201 37866 7453 31484 66710 34884 64382 45755 46621 33191 1489 
1750 17
18814 80077 97517 91723 91749 62902 74833 84480 70715 28733 68603 68908 10305 11023 64392 7149 41618 
8750 18
51553 34853 38092 58401 56668 88161 7264 49185 83312 87766 22364 32270 44610 92134 9468 74777 31847 62683 
6020 19
38495 38747 65581 37584 16329 6235 95373 7074 67998 25232 95225 141 35028 77779 46814 20367 55774 5209 38092 
6464 18
78557 73781 58880 71231 73743 49221 42483 37271 70117 7568 84763 66338 51166 88610 42093 7421 19163 8972 
1262 19
59548 37217 91379 52936 12010 99440 21917 89874 28974 81930 93039 89597 60418 97293 91993 63823 15082 4865 76659 
9998 19
53242 14081 63916 85931 73064 7193 23867 7541 17066 97190 32067 93052 31316 78073 865 39237 34701 85027 64416 
9536 17
23190 7833 96470 86746 7034 47966 98834 43091 80553 38237 2979 9114 95844 37821 96880 40451 78845 
3301 20
25109 89106 1990 31788 96993 19561 8738 16442 40547 4023 4947 38908 19556 92476 2972 87044 71697 17449 35755 70229 
9800 20
29458 21735 37308 50977 62670 39110 72219 83343 72334 97820 62235 42314 23887 27170 4382 16573 84088 65584 29173 87909 
6937 20
47247 36164 80846 97743 63659 60107 85692 33859 15426 26012 90470 96138 2814 64550 20272 89923 62652 62072 44769 6552 
4482 15
49467 54183 10365 97425 79991 61732 90221 89662 89503 81854 67305 57388 44967 44312 93118 
1769 20
87017 33024 7619 59229 89148 41913 95524 47207 21137 29957 39873 12071 39695 88216 85843 36196 77756 78261 52421 18408 
6132 20
99616 70159 78304 91995 22965 35404 31537 49399 3129 98166 7367 31414 82418 24486 53964 86473 72999 51697 26482 70814 
6236 17
95663 46152 89336 72514 26472 74537 37495 85494 43916 49075 71100 88550 89773 67257 89011 6736 31748 
5268 18
72659 86087 76207 39324 38777 76981 6354 82841 27271 18226 86878 35742 67509 43629 44171 9693 92722 36824 
171 18
1041 76712 14190 96439 98551 83172 6770 28062 96480 19756 25686 93834 46997 33601 77844 8249 43211 52473 
6475 20
12560 14540 73577 651 99870 23436 66303 22107 65414 10604 74108 76975 5887 11868 76173 82125 58887 11961 53368 37398 
2376 19
20487 88182 5633 12138 54962 15707 24430 91467 75624 98333 10170 52992 49492 42899 37443 93898 23742 77479 1632 
684 18
76599 59709 47959 96289 89530 3569 18534 62168 77143 76404 29962 7471 6642 90353 78566 17968 75396 63941 
2269 20
13151 68373 36013 77141 83406 54550 7341 37632 27432 25367 24443 96431 16400 77337 54049 48995 21349 79711 60244 96225 
6732 20
68300 64978 63448 18926 28875 51248 41210 93576 54041 13724 15518 5703 20435 73562 42076 1786 6926 11427 29216 8321 
3995 18
98541 26424 24720 41186 66268 9532 17806 77398 50498 26309 89267 83365 15730 11629 88766 84043 50262 86451 
6104 16
1238 49483 65616 85380 7215 81810 67613 99545 89997 37938 96143 99653 73511 88630 79905 74752 
9 19
83907 31528 35949 67053 38744 75171 90178 23584 64402 83380 95375 21205 15538 73654 51373 91115 18888 32264 72742 
2123 17
85609 51924 84055 39376 68382 73898 32089 62090 15956 75107 39169 49792 92894 230 82833 85395 24924 
4238 18
52583 85607 72704 93585 73384 44583 3505 65388 6936 43477 54146 48234 22680 47245 859 12679 62206 8804 
1685 19
75488 71000 88734 54301 54390 22078 15324 50975 74642 3951 95819 47689 80237 70367 52819 24423 96298 4715 14084 
9360 20
24107 21817 50690 10309 87026 56144 78325 80313 5046 30705 90434 65510 73221 34983 24559 82589 8808 53414 61639 79495 
9737 13
71264 72656 84487 29563 41855 38358 66868 55201 14225 6091 67947 29742 58047 
7416 20
7481 15806 49827 98612 8933 39798 30947 35747 88622 69510 29535 26074 89393 54922 60220 64444 98283 65077 22780 651 
993 15
37640 5913 15551 93522 98506 73163 73605 65658 98571 82869 96099 1939 76936 61584 62743 
1785 20
75745 13637 3713 71438 25081 83641 89629 23466 20710 28923 72860 2644 8805 70753 65211 35779 23543 4612 67301 26014 
8364 13
4091 41327 72560 81998 88838 97319 11546 24009 12066 96410 97865 83689 61859 
9980 12
95073 65284 18809 67749 65687 93626 7725 26187 62181 54620 13131 29629 
6368 15
90879 70116 78818 57167 33864 67879 73608 97682 73317 39583 11775 71238 77728 40840 99559 
1560 15
15046 86410 8093 61019 70299 58576 54948 41689 8391 12591 48773 61302 9908 56873 23287 
4151 19
2007 81026 90768 4716 64586 80372 16075 50777 87260 13876 94044 1414 4371 55596 21082 4293 83535 61369 23247 
2384 11
83871 89392 74373 92352 32593 28226 75040 15032 84077 65527 72828 
3252 18
39908 48006 73258 64590 47058 42389 34047 60014 19691 48502 59604 62024 4770 19448 53769 45418 99535 88550 
4431 20
55114 28784 7277 60032 63847 41381 17664 91132 86464 5799 74076 27275 18859 41337 55444 45797 79125 57498 38796 14772 
6727 11
3037 68367 169 46683 20419 27475 71129 89031 33345 9678 62815 
4519 15
69035 56764 98527 96559 60271 69429 73981 79217 75153 70318 57935 18996 7556 25155 56214 
7784 15
6651 75336 74293 8706 67018 31626 82010 92337 15135 72593 38956 72995 43469 40783 80094 
6586 18
51950 64014 86445 35966 60687 22929 42086 5579 47698 41139 90896 60901 87131 28119 42600 37323 73428 96436 
8819 14
33467 92904 85374 18627 52412 68223 86015 41099 76663 97109 29582 91989 15798 59111 
895 13
44431 33908 71092 17111 45870 41318 83273 56839 45494 18598 55485 18722 21308 
351 13
71296 1814 29227 53201 64222 25187 56992 50555 46738 5061 26163 98744 40494 
9575 17
6882 156 88866 8687 46723 38374 64191 96219 56036 7161 12528 60167 67740 54694 89054 59233 89330 
7484 10
30428 6999 499 97413 33899 74915 24604 1233 33011 62288 
1751 20
76085 10173 5504 85976 530 77078 38477 3221 82455 18610 25177 13126 75106 1225 98930 45212 59370 23485 54011 51072 
3156 17
60921 70022 41816 44433 17659 48445 93278 41314 20300 18056 82727 50115 5883 69169 68184 43827 94725 
2937 11
98729 40992 37663 83195 51653 48040 92588 87320 90760 26557 87551 
5456 18
2203 82694 22032 8211 23064 2724 6079 36677 87086 26549 59519 57034 83731 25761 37659 71499 52154 65290 
7101 19
91494 2410 38707 51475 39203 32767 40947 6310 91892 80942 24687 1131 57753 25994 11319 69665 27529 64226 92569 
5300 17
95188 31632 38344 68359 29553 66943 34016 1720 35042 64788 79246 7991 74157 66613 68007 1074 48327 
3537 14
4688 8155 85588 93403 38293 57822 37669 57585 92836 73774 53003 87798 50692 81505 
9730 10
70796 24739 55585 14811 22331 64189 86731 32356 95043 46789 
5305 16
43610 41062 40781 82840 47738 99155 86953 23882 23796 69757 19571 11876 70001 43830 77186 36309 
8079 16
42415 82065 61137 78690 12234 14251 18718 40346 81894 35705 8205 88329 41092 7197 78175 21614 
4730 18
10529 49594 66066 87813 76991 40011 33724 67578 70758 60736 68770 58981 70749 31199 60544 9219 76599 22078 
6152 14
28053 5991 71306 14160 6747 94538 6315 75597 71362 23049 16806 24180 33034 3713 
8619 20
13613 41380 36119 15338 84382 30076 2992 22350 79332 31004 15139 98662 63017 38880 74371 32981 13798 75063 75489 38054 
2458 18
27462 13855 42765 53647 24514 23528 44793 78002 28094 88267 93986 47298 64735 24281 48316 29017 21568 16162 
8207 17
54561 52204 26325 5619 61779 33167 16280 68923 34512 44832 10076 71862 96593 61596 14520 16760 24183 
4178 20
47125 91807 32197 75232 74890 25652 49630 69147 66912 92119 35827 34756 42297 28486 27491 25170 33825 30797 4458 66613 
7488 17
93814 24753 14740 74299 66771 98595 34102 48631 82356 7538 78948 1972 77318 4247 32672 96332 67230 
6985 15
53397 58083 55066 40184 97673 97283 95518 96606 43479 13289 77631 89944 8688 44783 88211 
2651 12
87520 40436 69343 6709 84919 15485 51735 90615 34930 303 66504 87639 
5628 7
56090 93725 50978 49668 70848 2466 65347 
6418 16
14997 77682 22844 79744 82879 91998 96150 57577 75744 3708 39035 4176 71901 55251 7124 81382 
6835 14
32325 58628 34849 8575 31153 16479 20814 43578 19634 80336 24254 96916 3733 58688 
2495 9
66336 26985 27764 47549 14896 65060 1722 45994 76494 
1331 15
69820 69818 38127 59676 12924 25333 72124 53581 3541 86946 72349 81015 31281 36055 41770 
3815 18
14465 42691 7154 46480 77166 23933 92909 61699 17945 60964 32339 4154 18904 51966 46374 34414 77528 63161 
4442 12
54873 87248 94194 31157 75206 90151 11282 46197 319 46522 55498 71297 
6829 19
54721 9010 74908 27337 83846 60881 60934 45522 25090 6498 11981 68828 2609 29348 69860 52615 50086 34523 11544 
6979 14
89839 41474 32591 40294 57859 71799 71246 93347 41412 21211 30325 25493 15498 8991 
8952 13
17669 48981 84255 71023 43254 37968 3930 2670 4424 56958 5161 71089 99396 
1656 18
93771 35245 19251 61273 25507 88168 87475 86226 72509 24609 1053 44711 43936 37811 60616 23470 65224 97291 
4200 14
32873 93194 45474 91529 7218 75023 9445 47767 31562 97629 65327 49229 25476 45708 
6582 11
75619 75942 11085 9341 89566 96211 49159 71803 28203 11429 21859 
7314 17
53518 23455 34558 14664 65619 70000 74206 87898 15223 29322 71459 96755 63818 74635 86807 72719 51166 
7042 9
60582 42074 72464 37687 64879 38712 77640 24343 10231 
8252 20
15644 24053 43887 1999 37139 22870 75849 95482 36026 70777 48007 41332 23250 36571 62528 7933 82089 29847 3773 66036 
7584 17
39153 99672 8135 21488 40246 72986 64265 1783 75741 51486 18981 86386 23420 62506 71995 92705 17949 
4157 7
68094 59883 39684 70284 35334 97986 17168 
619 18
32558 65213 56635 90525 62088 60621 21046 28694 40418 93396 19497 69605 94035 5153 73884 29412 63639 75448 
5263 17
73291 34601 15260 64389 35600 83457 36344 21385 805 41725 37405 63602 32725 78398 27573 90365 38744 
6693 9
78858 28274 94469 28662 3692 55375 14953 37701 7108 
6219 18
8084 93785 67009 22345 87990 91854 62356 97494 79843 63692 71785 35430 95567 60243 22313 47762 14586 43379 
4438 9
67290 32292 16873 10257 3843 68947 57177 10461 2930 
984 16
5364 20155 38364 55512 64584 3149 10131 98443 62866 3243 78657 26821 43392 43599 29093 73305 
1129 7
1840 52060 6439 30442 33866 72190 85699 
6309 20
11607 87322 80460 82507 45999 38955 75658 93976 21737 86093 96428 79448 14653 17753 26640 38032 48809 95246 95180 63596 
7259 16
28997 72463 70983 5724 14752 76191 32807 65832 25195 44513 28395 76989 40686 14943 40291 28376 
7472 18
75927 67165 24808 44856 93279 84968 12214 78205 6989 20503 69312 42342 37275 74803 31935 27867 83088 33408 
6429 7
44930 3017 77553 97389 39277 53351 40875 
2008 7
70573 33010 90911 19367 23091 48887 10136 
7543 8
84517 2917 57162 59976 93977 83808 14650 82391 
184 15
33542 80850 64993 69535 30330 41179 66491 29786 33259 31799 56326 71043 34924 21874 87278 
2389 10
6548 27543 45793 52238 72406 26050 56611 57672 35865 74749 
369 20
68137 9741 13634 92968 9739 78547 74289 26625 42756 30841 77410 72504 51246 32053 35058 79272 15393 6355 5709 3212 
2985 19
25908 81301 84959 23427 60130 85650 61028 31850 94195 84273 34879 95068 43834 60726 96818 73927 33431 51017 18528 
6031 20
64514 70466 28802 89846 68286 55313 94439 12241 32328 77082 99007 89317 13299 69625 93202 25933 28934 23922 83325 76663 
5310 16
49946 63451 45286 6534 606 15813 38852 94736 39682 64901 31827 46404 83030 53672 83429 31916 
7571 18
47873 32320 86307 14748 78861 84042 77627 14527 25497 46106 50211 20278 38860 94825 35514 92146 98311 81760 
2615 7
1184 43099 55463 52096 46624 73754 63835 
5291 9
84149 34906 61936 59522 76501 84620 70384 38170 80916 
2465 11
52955 77581 96731 78138 18395 12495 939 707 29657 74463 30622 
498 13
75135 77897 72849 38688 11241 90223 85390 4651 55274 80075 74383 14276 84687 
666 18
9951 99567 30881 21912 71517 26993 14705 6572 57487 58181 13783 67875 2834 92957 36233 14885 25193 74264 
3082 6
69563 79929 67180 69041 66131 20974 
4062 8
68245 77929 52479 39741 21119 47885 97121 42726 
5850 20
31379 77873 92879 61219 59172 74062 89722 84580 10978 93765 47391 59326 59268 29926 90104 17739 95232 37964 27306 83442 
4297 19
41818 40293 7838 40342 71757 77693 28652 25838 75660 8519 10514 85081 19612 81533 55765 596 50128 35826 5924 
5437 19
58359 29133 84137 62156 75118 39244 78972 63416 94845 40517 90727 10326 36537 70941 99313 46209 49865 37541 19419 
114 8
8251 83346 32683 55582 14111 29038 59624 88823 
6557 6
60253 15401 18995 66960 98765 17468 
9151 6
49325 39121 87691 29763 59721 4598 
4747 15
39334 18335 85373 90051 99026 37252 38173 62706 23270 83455 66118 88551 77851 67265 73658 
136 5
89139 44802 13761 40032 91654 
5811 7
85320 74557 27102 6893 35642 45346 50897 
9211 17
53659 41582 85039 2447 59839 22757 98128 78749 4542 49402 5768 1390 51143 99321 51184 84030 78020 
4561 6
73779 46045 11168 86293 34703 72183 
308 7
11348 45579 30722 92378 48910 14079 9322 
1307 8
46815 23465 40496 72959 33850 60016 52535 1529 
6355 16
97645 41965 33872 70258 20133 84084 65387 94618 50907 17030 62766 56480 31177 10185 91485 44783 
832 18
86392 98497 29746 26078 76482 42719 89198 3870 4567 54441 4118 53142 17213 12923 44419 85275 75680 29059 
3058 4
84503 23525 59253 27952 
4182 14
61641 46555 75049 63608 63342 94344 24070 19666 90084 31534 85814 88997 76386 46492 
5330 9
93397 78884 72909 48011 14535 40594 95679 91201 11296 
8674 5
94098 78092 68842 13819 47072 
8862 6
64911 61951 22413 40222 51933 80888 
3648 6
79561 12442 5078 7412 78860 20310 
3613 20
37763 43355 30742 55759 4461 14696 64790 44158 68941 4368 28634 91166 77609 26915 25581 27244 19254 31038 63209 21856 
7995 17
76518 7514 78404 25285 77993 19974 95027 30852 72285 28990 47295 64041 55364 74621 38128 96627 5768 
6156 7
3509 71536 87761 51624 18258 6176 51272 
3242 6
43646 10565 12776 80451 47304 93305 
1094 9
67254 66739 8740 68387 59657 30743 16182 2411 41272 
6779 18
96152 42236 97360 81514 80698 32041 23458 26920 17379 64219 28854 55496 41851 47812 2282 47364 64426 24773 
6717 14
81339 36096 18367 33661 74352 14982 2492 95454 41992 83653 32544 68371 87993 26392 
7938 4
10721 84520 60125 31559 
151 4
32877 4080 7135 71319 
5147 15
22453 7494 53547 25915 72544 76297 62803 44093 3587 11510 88450 98183 5397 4505 72695 
9024 16
1252 80736 8309 87804 26190 88751 81011 38005 35144 75792 23986 61420 41138 77364 53122 37413 
9774 4
80411 76717 371 40227 
9727 4
67485 21659 77325 45536 
4530 10
49620 59736 36535 14970 87583 29429 35237 45342 63425 77447 
3588 8
58438 8582 60825 33852 81107 41284 92980 5313 
5752 6
43691 17600 78501 67987 49030 59570 
7985 4
16292 89738 26172 45443 
1108 8
66781 41915 15072 74520 42741 74025 35989 76567 
7492 11
80355 37917 3106 75856 94452 5958 36600 95147 59222 3343 6564 
8838 5
49997 49823 86787 68940 59702 
9818 6
11019 45527 47713 93913 69700 22403 
4876 3
48332 42795 54352 
7732 3
78965 35838 62073 
6575 3
62727 16265 30716 
3060 7
12586 72650 71994 85812 23750 4541 75078 
6636 2
42641 997 
5439 3
96330 74913 21990 
89 5
19252 28626 72941 88628 18455 
5272 2
37152 6228 
8633 18
67844 8506 71976 44818 9625 24125 39974 98111 66129 65450 45900 6963 24477 46064 53911 46131 38962 31777 
853 10
6295 91403 59277 32160 83199 56000 28523 35198 32916 89060 
8313 2
40600 99605 
3633 2
37261 60022 
6478 3
84522 398 61517 
8935 3
36374 37809 58640 
5948 6
80915 42117 4378 62993 57115 37934 
6721 5
31450 26840 59425 43558 4485 
6786 3
91348 20479 10538 
7295 3
50895 62272 62734 
7465 2
46289 30016 
4520 2
48796 79775 
8182 2
37238 24690 
9324 3
30985 86162 52872 
2635 2
30623 45827 
7602 1
19354 
2387 1
37499 
3050 1
7507 
8683 1
94313 
4963 18
99629 28048 34875 47826 32355 21883 62023 61153 13355 21360 67334 36289 99191 39937 44372 31380 42460 28802 
1476 2
47921 36162 
7882 3
54913 96887 20779 
4873 2
72856 76984 
7167 1
3379 
5964 1
86020 
2446 1
7088 
4706 1
98703 
1143 1
54961 
8091 1
84022 
2460 1
85963 
