51
600 199
93375 35347 5569 98323 67832 1859 60758 20198 14304 86357 6730 43172 1063 19927 14297 23843 3081 11430 98077 5688 52736 31590 6069 50817 40626 24411 71153 678 78011 16622 69584 12463 74405 45298 6595 95458 5385 3992 77361 45984 76474 25005 3500 94275 53981 8548 31381 7734 55130 23826 56592 94991 96224 17744 42288 33849 88017 28962 23293 94956 14977 97384 52580 2300 12297 66916 86818 79930 66142 52610 22139 10821 18314 88144 14349 80770 31255 21468 94750 42341 37767 97355 21938 3497 17487 3153 19956 92199 29478 73703 24072 11126 26377 47339 19130 9684 72014 75575 37866 99093 65172 20720 30420 79500 55327 32766 26391 55451 7156 93303 28150 9424 45797 86995 8438 32298 68414 99890 37101 88140 29074 81474 69920 20292 58609 55284 75559 58015 81743 70785 4390 93226 13406 58454 43 42230 47771 3258 43607 66753 48550 10708 76707 60090 55214 61167 28768 94069 60035 1084 46104 25395 41395 69913 63141 58897 18150 66451 70142 16342 76244 8134 66218 45009 21402 4717 14148 15702 59991 52691 80604 80192 94356 13364 24995 90564 16954 20088 76716 70771 76178 76760 3535 92651 3853 64368 21464 5459 50324 8099 94287 1680 31944 35294 98270 15352 6200 73152 84799 
594 198
77811 24856 95675 8910 1968 13423 94120 99743 52301 1667 25255 54035 18435 68634 94007 21682 94633 17932 6181 58851 72829 18504 11379 61321 86360 63867 60881 47755 65898 82351 84312 67930 92275 28198 29339 96113 28216 90023 50310 1116 35999 20268 23797 21533 20404 45335 33848 59042 81581 12199 97000 1932 66330 59966 37433 61977 90045 61469 95792 14783 3123 13144 37303 97028 56314 32342 99738 30108 12923 29197 30973 76545 42607 27713 45910 82212 91735 92244 8702 47132 12326 5887 72382 25427 77113 34525 99765 93098 97668 22546 24110 60819 30370 17564 20269 55712 77762 87421 92386 24457 86513 72893 52188 79587 22653 94022 23921 33437 69038 59595 22294 2793 67752 98941 80022 19944 9032 16578 11482 61864 38400 25491 5438 81293 40558 96855 67346 24262 80476 76102 9011 35158 57863 34439 36465 16882 76390 19119 99914 23560 65179 43114 98246 82340 28204 5067 82490 21981 1475 21409 717 19848 96655 26764 63283 78925 11999 77741 9601 3133 72299 13035 56629 15688 64700 93917 66669 7662 93177 80930 32444 71357 28584 472 38636 3548 46919 15993 49995 3987 15389 66277 91459 6633 33243 11273 61651 70527 21826 32601 97564 81820 40445 99165 32404 19985 11083 45820 
339 194
56685 72093 33939 85842 11226 16460 65989 10571 16906 87887 49080 17524 13418 12308 69900 97963 22452 64657 17051 70459 36312 20228 97734 11172 93518 6498 21369 83739 6556 15802 19132 80315 73030 31600 88817 17908 13634 65410 76712 47538 94891 31498 92953 41067 79982 20701 33258 54106 95677 66102 33764 63342 82733 26611 42706 97530 11434 18614 72058 60030 97717 40878 65090 45621 69123 59266 40242 41202 99589 83930 90764 29363 51138 92646 97809 52926 81369 30692 80285 84875 56070 42697 26770 57920 39425 18103 70378 91955 46985 35515 44847 13049 72782 94015 93525 38018 39921 30632 18706 39042 21397 19885 23611 11114 33037 73915 35404 40566 90750 23005 39783 83408 28603 93030 58439 92616 65069 64333 20635 32172 93045 41404 97588 31296 88025 33023 57906 47077 54872 54287 56358 96618 81208 39813 10213 91531 12545 72034 20748 76214 29759 221 48534 84852 85662 5643 32307 79172 62628 97243 80684 49683 98590 96515 30529 35018 50829 28941 22668 3332 59133 99524 90697 78347 1685 59064 1711 25778 43111 81648 10539 83331 65763 45991 57341 84742 47676 62796 74778 761 91906 55397 24891 998 48466 49134 72510 46364 69955 10117 74667 44784 46582 35708 
583 191
23101 68692 31618 59137 75160 3157 31291 11678 17709 90929 95436 7875 81869 75939 30264 10948 16760 56478 7937 60602 97675 23574 80494 87306 3791 80560 36400 31577 66802 98899 62125 2177 21461 53170 17221 55334 79125 78721 66512 59888 99468 5145 38236 80062 18643 8845 65062 68896 77797 3799 31789 21721 3379 93116 92527 96752 77704 76743 23548 34562 54590 1069 90834 37909 66295 17045 53597 13066 18562 17420 44817 9112 57635 70275 43177 48140 93651 5942 65985 42282 79178 2388 11911 63526 48316 64601 56017 75956 39794 50930 10632 65117 87451 63935 79258 77465 89402 30051 77979 26529 95128 74747 94214 9966 11219 71519 23520 16212 78238 38927 5037 31712 92015 6567 5041 57810 81155 39826 10262 98934 60486 34000 9169 76275 26049 68817 89610 16537 81216 45261 2549 79874 70146 5108 91038 80769 31107 44366 91936 77602 86824 96179 36525 26624 44954 95841 41665 50467 76388 17447 8847 31987 1807 45769 20028 58296 73367 92628 17331 15794 74548 67177 12163 19229 28844 4453 20817 56782 12927 16382 69367 21248 18858 68164 23927 38918 83934 51758 70169 15793 26344 44888 58658 31688 34248 80345 92801 52985 76731 93161 13862 
209 190
74594 56274 29464 39957 23766 34146 88554 77998 55663 92751 86616 59445 2422 75322 15873 31727 2984 88808 8248 99004 40398 4391 45077 50963 69999 88360 95405 88852 53786 5223 63183 67641 39268 72777 75323 1982 16582 6493 60805 43021 95909 60765 19917 13168 52507 36925 63515 84594 34567 36162 70228 88442 94339 79487 57945 45216 18949 76856 45370 51869 18579 7917 28228 45721 42730 29525 38487 69464 73055 40571 37070 93733 97234 99961 15403 71694 56664 82748 27975 71473 6180 76048 2033 9384 79580 85343 37080 90316 65089 19074 35017 59000 76136 15417 74921 78706 86039 73124 39495 85490 21996 5394 87093 47507 41509 6062 81771 65391 16805 47822 53486 89660 54204 4382 98694 7391 50057 75684 796 97851 60691 60091 21863 28072 1424 10876 5062 90060 97036 92846 11360 17464 69440 53865 89525 35826 46219 79988 3731 50499 75245 55803 47576 65694 61972 30290 56456 31985 11000 55495 9635 1202 74746 14301 25061 69736 93996 36496 37415 25793 84574 87170 45381 67751 46233 44928 91676 46275 43434 48155 58537 95574 6919 79225 84348 3109 48328 23623 37582 84010 42195 92685 15043 88322 72439 56903 6950 21026 10022 80907 
216 187
92358 42834 77945 21595 11704 65336 51049 78066 75380 70461 59396 43100 58755 36696 4798 57275 52140 82273 9305 48238 16192 89713 47003 23925 9679 19821 48999 11148 60906 40500 21685 90666 25772 45039 83014 83078 84551 15934 90009 55396 66709 70896 61872 22693 69396 7171 29296 90250 2977 55766 9402 41670 98328 14043 1528 99106 16359 92099 33894 76465 72398 13483 57098 45463 72424 6196 1477 75166 95656 20339 25680 47067 3928 47887 3208 40365 16029 66143 80392 3036 58046 56501 90688 18508 81552 25315 51023 56665 84504 25396 69241 47678 90959 90926 28104 48392 33411 20463 56896 94735 36934 71832 42838 69049 69785 45430 18089 17974 88962 47874 43959 44741 57434 63033 8426 94835 67984 30712 57781 36731 94811 6229 14123 24596 97541 1383 37257 37152 76000 63921 74458 78539 57228 47991 60860 33717 73109 62815 45651 34603 96151 4354 51160 55708 12395 56406 10279 58176 82798 54604 83880 54541 16432 79001 75506 20475 83900 19319 83431 90599 7017 63678 67030 19022 67971 67910 7251 13957 81243 92629 8254 73253 54281 22561 85663 23817 70147 11773 48293 26152 50975 67975 17993 30835 2480 86791 72290 
555 185
27073 28567 49808 13786 292 45506 1395 62157 48567 32338 42480 6316 8937 81449 55925 8272 75284 40648 1603 17670 52563 2425 88143 29647 87305 98943 58547 70499 11675 80533 71394 80751 42802 2222 29698 25336 18400 30491 96721 83039 80737 56714 50208 20104 31114 62932 85706 19343 38506 79890 24905 93620 69374 22592 76374 29984 13967 89144 68180 75887 79610 92999 81441 78697 43458 48713 12950 62239 71654 23796 1774 94347 48895 61212 71552 99038 78855 11952 11687 65101 41329 5561 51281 12734 75792 53370 77010 44317 27872 97951 19899 66050 42857 65310 18650 85953 21127 3182 39669 10302 6149 60830 8899 22406 81036 73164 92161 35176 70480 28684 58267 15202 95086 18595 93153 22010 96085 25319 35065 92137 11069 42305 44065 59904 5585 19727 38541 72605 84657 41555 89247 91229 87741 47441 42819 16480 10431 85943 21098 69079 18725 69211 71208 56952 82529 7845 25987 96552 18432 94712 74683 23677 56428 18768 68900 7229 94180 40037 79701 33285 25555 11723 54192 89539 67303 14399 6540 71426 93260 11491 26157 53095 12669 21675 94462 65830 23410 43868 71564 86482 96939 50682 4162 49249 57757 
210 182
44394 41228 80799 59762 98700 28809 14593 90206 67 72891 75429 96573 85632 40628 27024 60019 33164 54666 11441 61488 76892 88894 92334 94308 7589 28256 23297 46511 14166 47824 45043 52810 33126 3982 85931 18254 63945 87807 23612 93542 63511 42754 25939 338 8458 55341 48880 47984 23735 38825 2685 57020 81610 32170 8063 44707 4212 24643 65955 19910 6790 31177 53962 44486 36917 53825 54036 79111 88348 74882 42836 35452 48634 75088 15383 46674 24585 99831 53644 11909 90619 64194 22713 33251 46778 86590 36605 70205 68154 65300 58788 24189 25973 71381 57177 44759 52806 67884 7995 26818 94410 73026 2725 48818 49143 13289 2188 1927 85606 91859 9646 72506 28488 31313 94621 46823 29595 29088 47351 49860 96315 41408 2837 92406 56824 29311 20182 453 51765 38729 10976 46391 50560 22637 52037 22383 46386 83871 12610 89485 48460 26492 42597 10564 73682 35282 78052 19898 86972 24352 86366 19675 58081 33457 59048 99654 80133 80740 57615 10451 95826 86070 59622 17421 80243 50940 84597 40974 52509 55336 47096 28173 78609 29011 2650 16503 60641 94122 48117 47484 22750 61319 
178 181
15516 85431 73877 3695 60432 54730 6246 75469 16418 24801 5376 50110 76333 90904 72608 17798 91466 46060 14674 13498 82255 54094 45945 1782 84814 46635 47690 65637 564 15005 51705 72941 77613 38272 19305 57894 39381 13977 21200 19801 50084 94795 16187 9407 69856 92044 33218 65559 32226 10885 90224 49959 5873 16690 10281 21286 6321 35493 18581 29241 47017 75571 78446 13148 34086 66376 64051 94936 23446 68706 27140 2974 22109 71009 96244 7247 65598 88198 37215 95776 78071 8056 90186 429 9317 20422 92100 50043 98402 82819 57109 59663 78085 69908 21115 48529 67097 24273 30134 37001 68029 91473 57399 50505 15525 53082 54485 12746 60351 82385 59707 80750 76394 16585 89475 52437 91931 4538 72171 62732 18549 9080 20267 23500 53108 35808 68490 69967 85460 23026 63897 80389 61010 63753 64344 48228 90773 41300 20509 55227 29998 22584 43409 64352 55825 24498 18578 7744 94177 8610 11741 63173 40543 56490 33013 11903 95969 3106 45337 1333 46529 46293 44132 91045 75165 25398 59103 39454 11195 44085 58715 31703 54081 37486 35207 63518 45250 20438 76727 46933 30639 
503 177
56830 37681 30100 8287 84440 74531 11111 65341 7746 11901 10288 64392 17367 59610 19822 36754 33970 77393 19105 79795 20428 75331 39290 63827 97461 83171 9129 41111 52361 76452 20671 87200 13870 20286 58583 39038 10801 17388 59801 27553 79919 91811 22895 10887 93948 68540 92407 46658 23339 29578 65713 90329 5980 38102 18125 43696 4569 88468 58001 96156 14943 8333 72410 91759 741 31556 41672 55710 74155 73737 920 48724 9035 5083 51206 48658 55278 15844 33481 92243 40441 95976 34912 1169 82155 28041 19444 56817 73278 11123 97991 13507 87667 88034 13274 87852 67453 92157 40209 67518 48545 14168 9875 44088 29328 15759 28432 46011 12700 15494 23773 28498 21591 9514 88723 86717 55337 11611 37019 62243 47932 56222 6365 8437 82245 89239 196 67599 99396 30734 33851 969 84057 95334 2605 21504 29206 12030 97686 70481 62275 28629 82202 97047 40592 72505 4859 70692 67703 49241 78509 35623 60112 33709 76463 73221 86325 78150 28028 93783 48813 49960 43391 17289 73667 41269 97797 21928 83738 64064 23345 25900 61367 21063 14058 52026 26430 
597 176
6887 22373 86330 77254 17965 56977 66401 68501 4330 78840 66970 50573 39943 13317 62578 88906 36811 16054 57907 6145 29447 55601 420 88043 71375 82372 16445 89312 39019 59027 44512 31233 55301 67827 74941 44031 54924 8655 10745 70830 48062 65949 97261 7262 56991 57031 76693 47559 99596 30679 22669 9903 93418 3000 71762 42106 87764 51354 61335 41180 9302 65711 73994 87211 17725 62991 84088 44877 1375 33326 3053 41167 79010 58035 18248 41045 92278 83104 33275 54950 91475 45228 75314 86386 76266 55507 2665 21751 11003 30332 10676 87062 7494 91067 28523 19543 59951 32536 20086 47271 99801 42936 3085 46724 40800 38526 6447 62861 11319 1578 84282 33623 48298 95586 68237 6453 88279 83034 64889 87012 43035 21803 61103 68471 97863 16019 32552 88458 97070 72844 94890 24208 96625 56729 45736 2210 61715 11568 19252 22566 2174 23914 34756 54651 54833 26946 4688 20891 19770 84497 65580 29247 7162 57063 28508 20158 51900 14746 77019 64555 92614 48804 3340 31776 16575 42685 30122 74971 68797 25313 21753 2264 15100 35322 21229 27845 
264 170
86761 45546 576 82009 8296 69257 24606 92830 74704 24518 23999 76994 80708 68410 63457 34708 36164 2400 38550 3400 74610 64935 46139 52338 35844 37857 53518 76954 25422 10289 15163 33886 92888 5549 5906 96414 49272 74143 54353 74083 63754 45802 35444 57856 56550 39321 81023 366 52664 24076 31139 44384 58743 57054 75515 36923 44053 37943 13745 80402 85610 66619 12312 32956 60146 68238 83897 30249 85302 90143 57972 36330 46546 58526 33543 55819 85812 2236 43639 27023 31482 52149 65574 59623 46999 1622 43008 46314 91833 32498 78206 31465 41643 59834 19851 54898 60957 81286 88608 73145 67581 48393 59454 17927 84637 37429 73480 76560 87673 70949 74305 93964 4713 61418 5215 49258 74670 25645 80153 60331 45237 50699 1007 81318 80234 47841 74040 66952 85647 33426 96331 20524 60451 50429 32438 91231 46099 70506 77365 93173 24576 21546 5526 80131 20551 96840 30200 10214 24246 50280 61149 15520 75065 63539 52918 52081 91418 33161 45303 82347 27422 13607 58695 14457 17805 55329 72046 9023 97594 2681 
888 164
6670 26227 2198 27888 63550 59830 85615 87404 37992 73554 66469 47627 63606 56446 35334 14945 50867 3294 60544 66431 77505 74820 23907 42993 95417 61405 6092 64057 12212 96263 9530 52713 38132 56821 69502 16256 93671 11181 70555 49379 30750 11384 29042 58517 50003 82447 84216 44377 94785 10163 1741 71335 44895 78612 22111 31643 88739 2301 9685 59259 28391 69746 21132 99663 56394 25186 87970 96193 75300 34801 71172 88421 49135 66782 41057 49165 77783 73309 36505 41895 70746 12555 94181 95470 29513 49196 88028 43903 88512 4792 65766 78759 86668 53009 40721 48909 13667 36627 42913 9860 95672 24636 18448 38429 79415 78514 28024 71853 42815 63102 24533 63007 62352 42531 85113 24783 71728 48037 49349 77145 29995 2796 40660 57639 70062 91506 63823 71367 1903 82817 8871 1950 77441 84910 38956 39259 13840 71894 92593 17213 91817 89404 76222 14995 6304 78420 30627 60317 38425 60967 11765 16981 33371 30026 84301 76607 55948 63026 85911 31950 44797 1095 48721 24725 
808 163
58772 98272 73050 29599 5996 37784 75075 88843 2788 92696 80211 38866 27717 12599 46424 43803 38380 93222 9443 87323 67500 96874 77427 99417 89439 97903 20564 80118 18003 69082 69371 50376 49561 77845 98849 34160 96481 89836 38830 61785 46357 10383 64947 99447 13503 11841 78606 66995 81179 8037 55216 87880 17073 14255 55415 54376 60236 79687 34471 1988 96621 15941 84857 62882 56447 14622 47845 87007 74018 94531 51163 23551 25980 12561 3329 84169 89206 89714 42656 4581 58000 71031 34824 57924 87591 56370 1201 21392 68865 94224 15604 62519 60004 81332 69442 7660 39532 33355 38808 63014 28556 49528 64145 7508 73522 58241 41000 74827 19909 69990 48725 51698 34049 46704 7773 47118 43699 42926 16988 69398 18885 51220 95533 79960 86712 94369 30307 24228 44970 70991 12276 47119 64604 44655 84984 67171 89492 502 88737 60749 53771 44648 47380 14231 46571 97642 779 30579 69441 29095 19895 26647 36318 14830 23661 10337 17585 131 3655 3782 16282 33174 71343 
205 160
50583 27332 90949 75062 50311 99207 54977 27680 39629 11199 26432 37665 30000 65972 87038 25881 49689 57593 16635 37244 81020 57024 87738 10086 59299 92844 3283 683 1922 47294 85204 96374 65853 78965 87257 44839 37018 31696 89563 64752 76356 98824 9143 84373 91117 88415 73562 6832 3019 5152 39535 79605 19530 18040 10888 25994 97713 16027 45068 98772 5858 32443 66135 13741 25603 88811 42970 25230 17244 18758 41019 76748 30235 77816 37324 55747 3137 32870 26040 4922 96822 49397 35137 60526 44202 68669 27336 89449 67934 79944 90470 55773 6727 58238 27150 30867 28910 67394 98628 96846 96566 37366 29555 12323 56299 16310 90527 46925 66432 51052 44999 91618 69748 92061 81526 71868 6807 54531 78478 53377 24416 87092 12171 18240 50170 72166 48454 62656 66313 14136 43567 70349 71328 25155 44446 69188 84539 57679 15450 37392 48476 50834 29084 40477 41444 70747 96429 36381 61452 68823 34551 41037 26545 47578 19176 97303 36169 84108 34205 81081 
955 154
26101 50808 79903 53080 99878 67080 68039 87691 16770 8427 86350 76912 96373 37492 96197 83558 34933 17136 36675 47628 7498 31066 25844 98366 16737 62088 29788 56514 13307 82319 77893 43075 40134 55789 17154 92141 34941 64084 23815 25329 19401 49418 73456 17290 29534 22464 43733 13753 72298 6931 29799 62671 37023 74541 58850 15115 24655 66533 29866 43746 37701 8710 14309 40798 51582 74194 84261 34831 21735 60628 85260 62868 7997 58254 62213 79998 43410 93070 81127 74251 65724 70214 91992 68535 94889 40121 12932 87822 33338 84792 41176 19650 84496 45876 56016 74244 53001 22605 47427 57681 6326 16957 3867 33549 26757 24782 60800 7404 45343 10968 93819 95717 53622 48036 97325 45236 99206 33805 68921 16495 80795 50266 26404 94665 17865 18528 56058 65199 64589 87390 48809 10785 17930 81461 91401 8072 50151 58160 69297 29027 1548 37556 45831 69984 17525 7657 63691 76212 94130 20387 9542 43710 1511 89431 
938 148
45622 78384 35364 98363 42645 23309 14383 77309 43465 89995 6197 69300 48271 93697 99874 68996 77830 4891 73405 33819 99535 43875 413 70603 27515 48201 72650 46922 53401 30934 39839 38562 21631 35996 52227 38156 5913 65890 78687 41857 73642 44808 37599 4469 91601 4749 85875 74249 51818 13300 29016 83257 86552 48527 46464 9575 97254 23253 82195 55726 87443 35867 43781 92307 17521 68383 46785 49622 67255 66348 77056 9369 11161 95051 31012 25997 10817 89648 62926 8594 73042 97118 48159 24592 74850 76783 11234 42582 43541 81991 17529 2168 99091 81698 2334 42571 34354 49513 60818 63139 46671 49313 66380 75834 20248 5840 31136 56421 6456 77257 99797 10736 84662 3819 79248 16404 25638 71651 56871 3687 84482 75526 2431 46479 24218 56620 67847 72703 89940 36940 85584 99989 85581 52783 16895 57226 93991 8370 94573 51197 76239 59853 12694 30425 34164 19177 59672 40425 
266 145
67897 69364 47363 87610 38702 26703 36425 68971 97703 50267 59252 7526 95381 62331 86104 6076 79325 93905 24986 59414 28182 53002 9988 55850 95217 65459 72032 44684 60111 87786 34176 81352 48272 66321 25925 15661 87934 57837 30143 61374 84795 21844 89540 77337 75063 91417 52098 42354 14433 41677 7394 22709 92814 79298 56342 61215 2782 53333 90067 88925 4363 75999 87 9759 16037 60565 87381 88961 70665 39969 97045 22458 79226 49951 88709 3641 21813 38613 15664 10938 40085 45498 12590 57105 43830 59607 69429 23838 43958 90358 90603 84745 56711 89866 31199 89976 24831 40174 4800 765 25351 89285 73622 41476 92107 71369 29148 65081 54895 60588 22598 66728 76393 50551 75552 25495 97080 53800 45348 67799 69302 96291 91696 58197 21743 32162 36340 24744 5728 61023 96248 94244 45722 46510 88801 51372 56934 36538 88126 69626 73324 27305 84660 95767 67591 
373 142
99636 9005 26054 55487 63529 85504 39164 81102 58891 95528 63509 72914 91631 12177 48860 25789 32368 29000 69355 77170 63613 43192 75833 65371 48348 42793 36955 33190 66065 94661 78158 92757 74329 48660 18956 30502 33317 53893 78388 45273 68551 59907 29484 26954 83605 65396 3704 73714 90572 49167 34185 33130 54844 99187 60353 67292 75655 81039 6553 87534 10853 39013 79203 64588 47222 72052 14578 88997 6341 75723 34565 39121 55678 31852 23836 76290 56295 36218 25845 78771 82247 98034 96136 64102 44134 14317 99963 51330 48377 27928 37024 85101 54949 38775 58066 8471 80668 17505 70518 70014 63573 52732 52268 38457 17325 25938 59817 53060 44553 12267 22092 32272 78493 92819 96815 76735 95576 85523 95297 18487 31155 61948 70211 40271 93426 9262 99235 29015 71176 69747 79873 91760 79330 78137 17701 7098 81120 51790 92568 80961 50877 93046 
995 140
90028 12099 86168 43855 20943 52540 28235 4068 14226 54265 98235 20668 20618 94986 79244 24376 45869 84146 2393 45644 63771 74486 91597 18151 98914 32644 87707 75891 32574 2937 96957 58997 59156 77479 20526 59327 62920 55568 96201 99908 54877 2374 10352 25850 56382 68542 98801 55922 5787 30018 9451 54782 38642 43895 96438 33778 55727 97170 18264 78271 57897 72030 37591 85388 24555 47846 92829 3183 69328 85091 27513 32779 86381 40263 6361 57452 67723 28846 7977 30924 6583 42373 20778 89937 89397 92492 4948 91156 96215 9661 89482 21079 88641 85357 21280 85483 16386 41086 91014 36813 81099 75373 7434 27874 30439 33097 23879 43946 60772 54029 83648 70819 78842 12803 787 1167 26956 19994 21645 1328 56895 98530 59051 79103 82282 56585 41575 41225 95510 20975 5498 24917 42206 36559 57648 43938 93276 38303 13040 28210 
129 136
15803 19056 54386 84578 98639 95679 6603 82900 5335 40991 75409 27005 82491 15581 46376 98278 3309 61114 78072 17594 27244 15481 60365 68221 75561 59638 4021 70021 98519 89354 31041 68394 88170 70945 36468 50500 299 81550 93085 99258 39722 65987 19146 34197 54750 66086 271 55006 91776 13632 79176 85915 8137 55148 75524 3140 26496 9501 39962 50510 26186 86200 74158 27304 81870 36213 93305 74896 73908 185 92962 71998 76306 34019 45152 80575 36680 54532 82734 94944 45394 91210 56744 16905 88926 42733 29182 52344 78171 65386 45766 65747 73694 63484 71810 31194 6118 29816 25218 22843 75699 83815 897 89633 11942 24703 30475 40538 13550 90115 30277 30649 6489 41310 76993 14928 30373 61660 37458 63417 41036 77796 62453 50942 98582 77239 11936 56324 41977 94743 72732 48700 92603 69095 52719 74131 
556 134
32626 28452 81068 828 35361 80962 94639 30711 73545 10691 42978 92441 25066 96893 70879 89945 98802 74356 67096 72945 60088 26842 45587 51204 97709 36694 20059 86809 88724 18626 86830 9928 63000 1482 18286 61470 16660 64433 75558 13329 10140 34763 40975 55343 22719 62017 21502 70649 36426 55048 32879 15965 61605 91303 74901 87950 3158 11274 91447 5530 12898 70347 87244 62333 77532 36133 93736 66513 74144 36352 62140 87863 55643 12440 21694 16633 30517 98340 58666 57083 77669 90851 96535 11620 72595 41846 25629 72973 67812 74592 7279 62845 64764 79091 40142 17355 40512 51081 55489 49371 51891 18183 99876 89445 53688 96757 88273 77227 77484 66426 58855 11935 85364 72666 67162 85413 70836 9017 4928 92762 93147 87057 3295 53175 45075 38630 81115 36180 20502 8159 53000 98965 92940 38895 
511 130
27618 65937 52754 33118 50258 45851 99608 93043 35136 65576 83453 55684 54480 79547 12613 51912 87104 37037 48254 84905 49647 31174 85961 31553 99324 8124 547 3893 74011 61999 51200 88880 45953 17134 55438 65977 95161 21910 61485 3981 66915 47689 51390 64234 46249 83780 91131 64132 73615 37292 49398 14508 72935 9425 57203 16719 23378 89339 76910 89808 99991 16806 95446 1151 5649 12956 21025 10082 75954 20380 1023 52994 23896 98105 4954 36857 28399 56237 64798 38478 97182 75495 14242 76965 13196 24354 32452 28049 77214 75879 17469 69594 81516 7470 58207 10848 23045 10644 84595 45456 92686 54987 30079 85468 71643 47742 92625 22784 19163 44474 86894 82364 15915 58909 42217 75137 66021 64689 18070 74398 25128 56728 60935 69922 93972 58109 51256 49266 64910 58814 
753 126
47585 87670 83060 12207 5153 86319 73971 22609 31786 45638 13298 75951 60095 25792 2027 32802 7631 80219 96171 61022 76161 27979 66113 72864 26937 87437 34791 27475 88225 65240 9016 21967 91357 78967 60795 11193 77485 84636 95292 57374 58989 37806 8308 69664 24223 53923 49290 68961 73521 40063 72556 89860 21782 843 56806 4916 32365 77959 41598 51791 71761 42111 68466 445 47961 75921 85107 62809 73409 34318 98454 63925 37305 82055 72049 29414 13160 4142 59009 52392 69968 99118 76926 34931 18667 86654 88576 46343 12044 97396 45866 32233 59486 30036 9850 96691 94932 43500 5221 86359 14758 73901 1658 90174 12602 41622 30251 35876 491 20137 1289 22867 73034 40651 81952 65029 71738 94253 70922 86858 45241 18903 78579 95082 85916 45754 
577 124
22310 43968 39891 20682 24625 73444 72748 77856 52760 86603 63435 41487 4803 73299 89058 99854 68172 76295 41470 6279 19449 65436 75533 30435 55822 51369 93990 37616 4492 34552 18249 32647 32539 97201 35262 40321 88422 5844 7440 23637 13791 16326 54568 34545 45505 33177 60361 41134 14543 32561 39281 10727 668 98777 55923 97864 30318 26417 97312 7960 57993 77012 15632 18460 75712 4432 81739 27671 5683 37805 81265 20614 81070 80853 30466 29922 40900 74093 45995 56018 6448 60018 57987 38446 82183 69076 26420 73371 26205 67009 15711 82501 42886 83346 80152 65185 34262 83368 42287 65170 13831 53018 91143 77868 6205 90618 90657 86900 37890 30305 13264 85570 21052 16669 28423 26362 89964 75991 6428 1732 33197 2532 51983 60616 
169 118
16566 71265 42797 69158 25216 7703 91155 76722 39860 50221 57962 75176 78983 94364 54045 54576 22991 63072 41379 92453 73736 60305 41440 11282 98180 78172 18310 82704 26952 68461 78548 37330 65180 25312 17584 48933 18143 53314 16665 10787 90907 74318 79615 56052 58693 34922 53737 15613 44658 36846 42640 90047 30941 41840 81780 72909 6665 76021 12998 12040 65354 30240 29205 48789 81346 4659 49524 69934 71372 88823 48061 16638 19746 59169 74058 52274 11539 62798 94386 79285 84089 77377 98371 38471 3040 36665 13844 10167 6510 49977 48108 53244 35727 13521 35967 983 39285 63799 28021 53550 32733 86697 14137 29383 12657 92004 62734 24601 15633 94336 7138 40604 74943 71204 57578 79489 34957 33065 
467 112
73120 33393 71462 61013 24983 19924 61995 15611 2310 48977 13601 80016 12840 74506 7879 38144 59957 36278 39007 49319 37544 80393 7210 50268 87523 86623 7491 54197 62457 25034 11108 77125 76598 64449 80932 3032 98147 79280 30225 40671 20494 13888 23457 35886 89061 33652 42114 24676 58661 93825 97331 32669 27887 10809 6846 76749 50730 13459 31047 93110 7191 70726 87251 43493 29638 57570 70751 44321 64427 51788 48792 93741 21148 74673 64572 59714 80424 46400 6072 4325 40513 83957 76355 47293 12507 68523 52510 7571 51520 95183 24940 33891 73558 70680 95830 46482 57462 3313 49601 32434 72571 22254 95910 69763 47182 48850 543 65465 6173 78540 55670 76113 
117 110
69420 71817 31631 68568 15575 811 70289 57563 70655 76347 28564 1710 92713 2228 87297 5837 42580 94172 16381 57429 54018 66207 55888 4105 84256 37103 25419 32635 69571 76611 59098 56841 92400 52219 84121 46994 53781 30983 51823 63988 26811 34466 61940 3219 81560 59034 66654 81763 60279 4529 37566 20499 1280 51364 80914 60613 46869 64389 49710 85919 76154 29064 89324 59254 37902 92002 21337 47444 97130 39508 6973 5675 90691 68947 12095 4502 88255 79393 25086 81938 59240 37733 59897 31777 13286 65873 91719 23459 26631 18890 74413 79053 99904 63703 47877 95406 21496 83975 10231 97402 85526 58559 16879 24456 75311 34393 86079 6459 85926 32457 
993 108
22707 69895 33501 45491 18329 40225 20915 81302 99178 67656 87259 5570 16087 30135 21386 85807 4094 58874 79483 7581 19867 42367 33656 43991 64710 44180 66613 89080 76268 20696 67713 29705 53194 42293 507 71977 49669 52692 63391 68163 64135 17098 69582 36853 52636 26907 14012 40888 42467 83962 90311 16535 85211 69870 53213 32694 97989 533 87213 93137 51005 56046 53443 93482 84534 44517 79922 51995 17574 57100 987 66034 9087 73924 88218 2847 43637 75116 18007 83282 83546 9592 67342 91649 85196 20998 23275 71385 18259 76977 90853 95195 52781 78655 31127 6210 41873 27341 92902 99692 87349 85235 3023 36074 28265 98507 3221 711 
869 104
88561 94988 59043 54886 67392 2910 52816 22981 22957 74031 28373 26668 60757 84822 41030 5280 60576 91065 40292 54347 41849 30820 58179 63682 16891 60037 31224 71323 69026 59545 59931 16853 27577 83790 1811 90381 83300 99 89981 50987 32954 30058 20751 62821 43331 45939 41816 6153 56548 52091 43154 72699 16916 62938 50423 85727 71008 72119 99323 76316 98035 96564 74457 10183 32361 81035 88400 28385 67353 88643 90208 8732 30176 41210 19492 88937 75789 40122 15712 87183 44811 48663 89123 94800 89115 53094 40496 79090 57202 35711 30386 10534 559 20396 42078 70262 75266 14429 98936 71199 26928 12188 56650 42286 
403 101
15540 72627 37897 79703 18683 72147 24869 95113 36743 67029 97487 96782 53294 9070 99410 37818 53033 54986 71132 3068 16082 74075 6614 27410 65303 87898 74298 17478 84783 82943 74085 13603 96434 58250 29090 13281 33431 83824 69818 30114 42964 3323 61728 80739 50611 21327 96584 22026 62241 75997 23192 4175 61518 10756 89568 98014 28645 21444 24013 60855 29116 60513 55475 8554 53176 76872 52745 96637 21807 82535 9006 82753 56682 69717 50797 7435 44775 1053 16222 51999 82192 23295 29508 18300 10738 74633 30881 8028 21476 8002 19933 23608 21234 59140 85611 43969 48535 77898 46980 23933 24583 
271 96
67306 12329 81682 61192 42981 70121 17964 98505 85484 48319 29901 64329 641 91115 3432 11039 1668 85860 35126 75081 40167 31001 65370 31807 52356 75780 58843 78629 89663 63289 84881 11162 53252 99553 91832 35319 82652 83252 97915 53801 78831 82204 79835 31691 23678 73062 69448 2036 83522 50882 60514 59813 74755 72097 35889 43018 3829 30526 84825 30676 28606 2691 84388 2904 28728 66949 82920 31347 53924 3698 64675 14271 23745 83923 34678 32650 89362 98744 27191 74386 18941 40507 75771 58655 81608 17392 24822 34030 53199 42683 32998 59777 44364 83376 74530 12050 
681 90
73758 16380 93908 19039 31811 46019 86788 10633 43543 34817 650 9809 24031 11603 9186 91295 2789 20259 85630 93605 7740 52681 84632 52724 78396 25162 84911 65152 85747 20142 97145 16227 21239 62813 21137 25417 95370 42378 89455 82443 41653 246 8743 1526 15127 98196 98522 9061 8573 83836 61217 28141 78817 48632 66228 88317 44936 47415 81933 71818 91774 11564 10023 80890 62191 9522 25943 36025 46923 40534 13130 77313 65940 90294 39668 96347 94895 49251 38181 92618 98438 63296 29326 94527 49962 62391 81584 67780 92575 6963 
99 84
48688 99864 96092 80328 61757 43262 9003 53727 38493 32252 60788 68420 24138 15734 65616 85057 60332 98784 63256 99244 90281 5655 85833 22816 52715 33111 94458 61654 31520 70832 92540 52401 6464 45134 94325 377 27344 78148 17419 97311 82835 40875 42434 61410 4063 31415 38766 31545 88351 86351 92667 94707 10910 85959 23957 19418 37111 5566 61128 44365 75947 67462 62009 78069 11310 30995 58934 95505 25752 9597 97348 42249 62057 65253 49812 23562 79791 42740 24579 41505 85406 2683 84370 96733 
335 82
90184 89473 21064 8950 2295 98295 7306 63011 58155 12028 17177 71037 59710 92459 56720 90287 35737 34847 89053 33003 32714 83858 2373 78601 91163 41338 63265 2450 68371 34079 72115 7724 75936 76850 80408 11030 58402 54563 21923 77914 71812 64738 44625 6400 34015 6523 14009 31670 27471 40953 40849 15073 66611 78597 4845 82018 29473 70565 48305 93553 6509 8238 11036 98731 11034 71700 493 40537 5017 38534 93083 47923 89626 40315 35794 6548 86946 43722 39600 62979 72262 88489 
8 74
39123 81498 83340 80723 36263 27148 68750 95311 1787 32146 94549 26499 84529 19465 29457 82842 9157 49133 15766 78220 42769 59433 68293 37171 79418 76554 7774 64473 19651 73556 9358 3693 86758 39985 62365 73624 49127 3046 17757 94495 55297 54447 31115 86507 16081 24654 14503 60885 24328 98198 59667 26497 70032 72437 40713 28406 78801 97756 39637 91434 96462 12540 55920 60041 89828 76938 9192 53897 7121 31970 34812 47436 80252 687 
314 71
28539 73729 90915 57301 60487 4739 97805 61912 63062 80667 83159 31144 19775 47330 54841 78267 71449 27695 88201 73483 22448 54439 65786 15812 46222 82182 2855 28557 88176 60960 49636 12500 2490 19403 18191 65718 64045 4048 95893 3788 43542 96875 79726 15362 19864 45369 1041 588 98502 44641 5464 38650 52135 55794 9785 22420 8620 36837 19748 4482 72716 59845 34456 86102 50232 53610 92569 98320 75695 76812 88382 
219 63
59431 56424 63103 88996 21786 29804 72580 69271 26550 61756 49199 73900 1661 45425 95707 54707 75843 50855 44525 44957 59779 73653 30294 26686 64429 98439 16919 40986 10011 15333 82684 76860 85142 45671 10207 94042 52613 7475 52656 6045 66483 1669 48894 8601 34952 61403 73423 59357 89952 61618 36951 71168 17907 50691 8435 92268 50325 27748 25204 86024 64091 36362 49568 
794 60
12081 42329 48698 55853 18453 59263 91537 30477 88914 33480 14595 57494 67923 57555 51787 72043 70564 96254 73270 32628 69541 95702 39820 29562 9048 89356 73593 91897 35505 77786 17739 50330 51780 95392 19416 28224 36506 46812 25787 25290 82581 87647 63929 88828 67069 39634 6555 88356 45160 86700 2763 15032 33556 63274 19138 63209 21983 69140 495 88692 
956 53
76904 3116 24021 5674 74817 62676 66755 50619 47195 87849 25288 84152 62859 88647 28875 64252 32945 77011 16572 12490 96466 49690 78082 9626 80009 49173 11897 36907 94749 9361 64515 47881 5739 550 69697 70843 64077 496 3521 74395 35066 25668 23369 70164 25886 46783 58719 11337 48577 62225 40718 9427 63207 
142 51
28779 45814 28101 54188 34230 12157 87997 46097 70846 63743 52762 74742 26564 31667 67499 46115 72065 21500 86280 25899 86991 59405 83515 61671 28912 47639 20283 44211 42939 36822 13691 57355 97132 94230 44572 72787 60068 54065 91780 67854 44227 33794 11853 18349 2959 95371 96253 97664 94497 72354 52560 
988 48
21891 27753 25835 56785 32032 55622 53086 85654 26462 48396 69369 91952 28486 46576 34465 45339 17959 37514 23791 40921 91042 29656 94183 94709 70105 5506 13749 62927 79482 67288 55360 12412 54974 73543 28921 56509 57870 40336 88735 30067 38151 61996 1935 62142 69111 674 8766 86562 
690 47
2438 65442 18638 87330 6753 2670 94216 89117 302 76971 28793 68236 64742 72068 33978 77287 45704 76172 85723 3189 41199 8929 21669 58962 56937 36087 97155 85668 59864 99777 78411 45819 1056 20680 58142 54787 73649 72411 49752 33701 29349 19517 76119 56100 76208 77262 93297 
499 41
15780 26683 64635 75251 61213 95273 46446 81419 90681 37294 67427 23063 49317 10793 51079 77474 23387 92338 26657 69971 96796 68959 62943 85420 47004 83472 96503 42703 19937 2462 25170 79494 51098 7337 10026 44006 60821 60282 16584 24863 17175 
73 33
29330 59150 9292 35488 24374 89538 37469 99485 32407 27481 27488 69096 59793 68288 14512 76259 50676 62184 79350 82151 99112 90380 90624 40419 91793 10357 3706 6902 13925 85023 27369 99896 20288 
720 29
95736 95207 75374 80707 40862 16609 87544 48814 4711 33467 91574 85889 56178 74317 33274 81291 57548 54772 57714 21022 43538 31989 35122 17356 63533 33069 52577 62262 85678 
524 23
99787 86254 62710 5714 91657 13338 11117 79188 49579 99888 11057 26317 26348 57744 85733 18028 83818 66705 29325 34502 12493 63962 63482 
3 17
42871 97814 54174 43225 16003 58029 83803 21553 3441 58353 57108 10918 93333 57479 83466 68437 48486 
131 11
12999 65599 41945 5177 23171 87860 36170 21659 10715 92781 58707 
57 4
49998 6419 81122 49970 
20 1
11759 
