11
774 131
13521 68526 41335 86598 99282 63526 14445 36026 56964 33617 84343 40625 60449 42545 17113 77619 52623 52179 41216 89849 74366 5393 26233 24092 7053 39735 77387 96071 59413 62487 48680 59931 86175 43226 6877 34570 37750 47031 81027 55476 61906 28999 72681 99714 37948 63132 6802 78148 78686 78697 41790 76909 94658 95519 76735 28336 68400 59652 3468 50658 77409 36954 4596 31217 6847 41097 86702 50370 91454 5334 87362 7611 1116 993 17536 9516 83073 23832 64457 93640 7216 96711 64611 99826 56972 57641 1983 87735 38490 58986 18869 21824 39736 83068 48176 68516 29935 30584 22873 18171 69236 89703 1955 15447 74016 94729 68504 64390 58878 6896 40827 26010 79636 57078 38926 37688 6094 73656 97401 91877 54629 79684 90131 29249 33262 18710 46605 90116 16086 38660 24005 
147 121
9532 1430 63835 18438 57065 79267 65988 81130 16157 82326 19216 52313 81638 17391 71295 96232 83647 9958 59768 19805 13991 83985 8215 99936 94892 11388 38471 66250 79729 9242 18040 70314 87297 82083 8622 69758 70126 94300 29926 34490 11614 44375 17842 23082 70500 81069 88424 44387 52114 77929 14759 62695 33171 79978 23390 94854 54791 34244 78410 67471 84083 70278 11435 28605 76788 30117 99508 98666 87565 10836 7870 56321 61023 40515 71180 82215 90446 83856 16047 62301 10832 14182 35958 38149 13083 12585 44987 6821 7383 36594 82723 89058 12108 38305 58436 35929 98710 99966 84331 13757 71257 42719 58782 93889 48236 70894 9736 68495 14585 56462 27556 69029 81155 92423 52584 87587 69353 56570 80265 62847 38677 
813 109
87564 5114 4390 13825 79403 14571 7507 51935 81005 26008 7369 77357 71226 16336 14278 30376 86286 55690 25241 91063 43968 22466 38253 76737 2205 46482 83468 55445 58217 30706 2787 67043 73090 33930 82601 53326 51500 23461 97883 45966 51054 28425 21499 59241 116 49413 2018 41133 38678 1143 4649 38821 27587 65302 80671 49424 47105 51665 37618 42767 81276 31491 43618 79153 35406 82897 58688 50270 17092 34022 99065 76313 80120 91117 38378 3026 63882 34014 37502 47851 1565 43863 79279 70009 47760 71923 60090 15396 52354 39606 34692 77321 97892 23061 69885 41834 57375 28097 97831 39116 41729 42135 92434 92945 4509 91659 83479 12150 45138 
247 99
53658 5510 74410 6965 31708 23251 66098 19956 20103 44098 23159 82020 25013 57440 30528 78098 1922 12434 99756 64387 93990 98460 50941 2601 32883 84670 60697 42859 86537 14749 39789 17821 65873 31288 95188 89921 35359 89606 94668 98796 37708 2936 802 19969 47419 80862 36643 86844 89447 48191 27089 97056 10154 21073 45630 93106 78795 60557 18581 81914 93344 21132 20487 67102 1797 68194 22759 44742 1484 18996 40143 48836 8310 56762 81941 91654 59855 44134 43819 41158 6394 97864 10062 81623 95645 13921 59086 94255 27542 65631 92103 1996 92262 61808 97628 33756 96571 71165 23543 
902 90
8149 13748 29164 87213 90111 38489 23871 70923 94975 92768 98749 93717 59718 85825 46896 37238 51552 4052 43888 86117 71701 98583 68458 81354 61125 78505 27461 56730 54264 31751 56416 73485 36981 3811 4534 37801 77340 57922 76847 17160 12903 17806 52192 66482 13972 48618 87182 31144 5182 35899 83716 70253 75761 41576 10275 25128 79265 93380 428 6545 70182 60198 50306 18179 27100 94930 15413 85610 36153 96904 11272 62331 84203 69310 24269 80646 64604 67349 4347 70110 51833 18116 55007 30408 94323 92185 59016 89929 8094 63077 
99 75
16175 48022 97435 79178 71436 46874 73605 20252 72118 19910 45673 40702 86180 79875 69824 12846 43162 68479 16580 25141 17438 63733 42148 87754 99668 31777 13634 38871 93468 88052 31764 50579 50897 67720 36291 84436 82385 67674 98823 73867 27524 46144 83576 22551 52396 68388 1910 18161 78030 40627 9401 7003 87914 54630 17987 25378 35392 66626 68125 91802 32028 14520 18345 50675 7178 39856 41559 73203 24774 33075 81983 65127 11944 49437 44147 
481 61
84080 43700 43796 43519 8651 75293 67478 10020 50336 56131 2453 2561 41526 41642 86152 47088 61889 51024 52050 4267 94738 24708 14721 57381 58125 86376 23565 15502 48532 40075 26672 33862 48489 18617 85934 72475 33255 19308 32514 64059 5947 75345 86710 38804 31017 35532 61874 29555 89536 65510 24216 85959 72338 85642 63959 81217 56030 62807 36789 46550 64646 
993 48
73491 71980 97129 64048 38946 36688 39474 24049 18754 98190 89888 14209 42691 18757 74777 98718 99059 43461 33252 49226 6863 92467 87652 29544 10962 96890 75485 20960 36044 49476 49512 76002 38597 36063 79818 26633 70390 86663 38949 53918 47032 68106 40476 10110 50237 94557 36462 73540 
895 32
46394 1122 81141 75728 65818 19591 28058 84735 42384 29821 27565 79703 73209 21494 26730 87220 50153 32085 64501 6325 61424 5442 48710 79713 78302 11611 50161 28364 60996 24448 32922 625 
969 16
92857 46096 68267 87601 25351 91769 57585 56826 38698 87004 76083 77662 13733 74993 19140 18980 
881 5
22152 71563 21852 42104 33867 
